44
ref_AB056513  0.0000000 0.1725632 0.1460898 0.1716230 0.1769309 0.1782464 0.1487113 0.1536554 0.1762712 0.1694566 0.1752763 0.1885300 0.1759467 0.1766775 0.1753840 0.2259496 0.1500080 0.1821046 0.1467061 0.2367757 0.1470722 0.1507945 0.1521611 0.1494524 0.1559782 0.1415319 0.1548062 0.1520456 0.1718450 0.1772539 0.2299812 0.1809412 0.1657224 0.1729578 0.1482892 0.1839587 0.1733686 0.2375473 0.1547261 0.1476497 0.1476953 0.2339975 0.1480516 0.1547366 
ref_AB073835  0.1725632 0.0000000 0.1348355 0.0684479 0.1489252 0.1116799 0.1059795 0.1238561 0.0438475 0.0990532 0.1117497 0.1128427 0.0454685 0.1057047 0.1036584 0.2097028 0.1147998 0.1100458 0.1021330 0.2296326 0.1351079 0.1366930 0.1185903 0.1140018 0.1426634 0.1510092 0.1473332 0.1207884 0.1031242 0.0354681 0.2143446 0.0346114 0.0973422 0.0999438 0.1332151 0.1090678 0.1062793 0.2198607 0.1140723 0.1194229 0.1359538 0.2063282 0.1349049 0.1179456 
ref_AB222711  0.1460898 0.1348355 0.0000000 0.1244108 0.1644311 0.1460833 0.1288182 0.1187064 0.1293529 0.1238878 0.1301435 0.1365778 0.1332516 0.1329036 0.1334954 0.1987478 0.1204745 0.1289121 0.1264639 0.2114297 0.0263383 0.0363778 0.1194370 0.1167255 0.0421770 0.0859563 0.0462689 0.1269466 0.1300965 0.1387622 0.2112569 0.1375945 0.1260763 0.1225107 0.0083381 0.1388722 0.1302969 0.2102286 0.1214907 0.1226367 0.0179653 0.2094023 0.0277084 0.1220391 
ref_AB287314  0.1716230 0.0684479 0.1244108 0.0000000 0.1562310 0.1200867 0.1160855 0.1195736 0.0494878 0.1135164 0.1264590 0.1198307 0.0500150 0.1184252 0.1148125 0.2089495 0.1075335 0.1185901 0.1135051 0.2189205 0.1279357 0.1307180 0.1115730 0.1085565 0.1367956 0.1415665 0.1388297 0.1126072 0.1130531 0.0635371 0.2144502 0.0621590 0.1118075 0.1116230 0.1265482 0.1262099 0.1173445 0.2141796 0.1101050 0.1111219 0.1325998 0.2100758 0.1276083 0.1089285 
ref_AB486012  0.1769309 0.1489252 0.1644311 0.1562310 0.0000000 0.1446975 0.1481978 0.1645624 0.1507261 0.1389795 0.1621425 0.1477758 0.1511304 0.1462839 0.1477059 0.2190828 0.1568770 0.1395286 0.1436087 0.2265332 0.1764346 0.1702413 0.1643381 0.1532469 0.1759482 0.1564118 0.1731445 0.1630491 0.1408708 0.1450172 0.2177407 0.1441080 0.1405284 0.1389225 0.1650915 0.1413391 0.1510758 0.2166123 0.1579297 0.1623075 0.1719713 0.2218917 0.1755784 0.1635435 
ref_AB554015  0.1782464 0.1116799 0.1460833 0.1200867 0.1446975 0.0000000 0.0763691 0.1137612 0.1073713 0.0394850 0.0713453 0.0539292 0.1209882 0.0573693 0.0519654 0.2062189 0.1099932 0.0524999 0.0779824 0.2068750 0.1451601 0.1432940 0.1121829 0.1118725 0.1518165 0.1388340 0.1523050 0.1127332 0.0470496 0.1147933 0.2035121 0.1121520 0.0432863 0.0462332 0.1435263 0.0686743 0.0533734 0.2108940 0.1080985 0.1126737 0.1436954 0.2014566 0.1421472 0.1156482 
ref_AB562463  0.1487113 0.1059795 0.1288182 0.1160855 0.1481978 0.0763691 0.0000000 0.0954055 0.1002071 0.0706165 0.0884277 0.0827016 0.1147961 0.0833945 0.0790087 0.2113356 0.0909957 0.0789768 0.0340034 0.2158054 0.1284544 0.1222695 0.0927718 0.0906470 0.1341032 0.1368702 0.1337175 0.0932968 0.0769701 0.1077801 0.2088039 0.1077517 0.0733630 0.0721146 0.1260284 0.0836083 0.0827471 0.2051317 0.0936163 0.0893430 0.1298405 0.2112750 0.1255240 0.0959025 
ref_AM184126  0.1536554 0.1238561 0.1187064 0.1195736 0.1645624 0.1137612 0.0954055 0.0000000 0.1267318 0.1046605 0.1148534 0.1097817 0.1183275 0.1154311 0.1088813 0.2079159 0.0511020 0.1120336 0.0915453 0.2223166 0.1232493 0.1186069 0.0425266 0.0330409 0.1288582 0.1265133 0.1286674 0.0519489 0.1068886 0.1228814 0.2049391 0.1215136 0.1020387 0.1026741 0.1216617 0.1124162 0.1134200 0.2217829 0.0347534 0.0456406 0.1241573 0.2151229 0.1231076 0.0543390 
ref_AP011085  0.1762712 0.0438475 0.1293529 0.0494878 0.1507261 0.1073713 0.1002071 0.1267318 0.0000000 0.0927301 0.1151734 0.1070022 0.0566742 0.0998959 0.1005642 0.2140203 0.1123787 0.1014131 0.1001613 0.2274949 0.1306495 0.1329024 0.1215826 0.1185703 0.1415418 0.1486153 0.1446723 0.1186119 0.0953652 0.0411449 0.2212692 0.0414414 0.0930955 0.0931626 0.1262104 0.1098293 0.1036741 0.2187680 0.1200779 0.1192605 0.1321350 0.2098642 0.1310639 0.1147264 
ref_AP011098  0.1694566 0.0990532 0.1238878 0.1135164 0.1389795 0.0394850 0.0706165 0.1046605 0.0927301 0.0000000 0.0499052 0.0396964 0.1156570 0.0337179 0.0275300 0.2030076 0.1012460 0.0353281 0.0753667 0.2069908 0.1238654 0.1196210 0.1061942 0.1042665 0.1294712 0.1289045 0.1301459 0.1070786 0.0134454 0.1020987 0.2015018 0.0984040 0.0118252 0.0222045 0.1218824 0.0596800 0.0275043 0.2073241 0.0988445 0.1032283 0.1261659 0.2007900 0.1213865 0.1057874 
ref_AP011099  0.1752763 0.1117497 0.1301435 0.1264590 0.1621425 0.0713453 0.0884277 0.1148534 0.1151734 0.0499052 0.0000000 0.0623083 0.1277995 0.0624588 0.0579834 0.2103248 0.1083198 0.0630074 0.0880673 0.2329084 0.1287593 0.1276578 0.1089927 0.1126531 0.1383519 0.1373492 0.1377898 0.1115265 0.0531704 0.1163537 0.2098323 0.1143436 0.0513294 0.0545361 0.1276493 0.0834428 0.0587353 0.2151724 0.1081739 0.1102914 0.1304775 0.2059544 0.1279353 0.1144473 
ref_AP011107  0.1885300 0.1128427 0.1365778 0.1198307 0.1477758 0.0539292 0.0827016 0.1097817 0.1070022 0.0396964 0.0623083 0.0000000 0.1265751 0.0571485 0.0488954 0.2115283 0.1094058 0.0471421 0.0848884 0.2104658 0.1365432 0.1324738 0.1147153 0.1144130 0.1434004 0.1379207 0.1442513 0.1102557 0.0431995 0.1119497 0.2014397 0.1096205 0.0394511 0.0420518 0.1346520 0.0690509 0.0547319 0.2134460 0.1099508 0.1115270 0.1386359 0.2088156 0.1360118 0.1149998 
ref_D23679    0.1759467 0.0454685 0.1332516 0.0500150 0.1511304 0.1209882 0.1147961 0.1183275 0.0566742 0.1156570 0.1277995 0.1265751 0.0000000 0.1219476 0.1203089 0.2158929 0.1047053 0.1217455 0.1130557 0.2345532 0.1367076 0.1353503 0.1091362 0.1040107 0.1467249 0.1477925 0.1491691 0.1123169 0.1192018 0.0405875 0.2143507 0.0393786 0.1133760 0.1127205 0.1321180 0.1248399 0.1248848 0.2180267 0.1047615 0.1084233 0.1375988 0.2145094 0.1342052 0.1074065 
ref_DQ089781  0.1766775 0.1057047 0.1329036 0.1184252 0.1462839 0.0573693 0.0833945 0.1154311 0.0998959 0.0337179 0.0624588 0.0571485 0.1219476 0.0000000 0.0428023 0.2054972 0.1097275 0.0490529 0.0853415 0.2098075 0.1314816 0.1311250 0.1102614 0.1127810 0.1448700 0.1461239 0.1434645 0.1158901 0.0370031 0.1087169 0.2048624 0.1056375 0.0398755 0.0359609 0.1314148 0.0753720 0.0370149 0.2110448 0.1057908 0.1089473 0.1358059 0.2008585 0.1305494 0.1143207 
ref_DQ089802  0.1753840 0.1036584 0.1334954 0.1148125 0.1477059 0.0519654 0.0790087 0.1088813 0.1005642 0.0275300 0.0579834 0.0488954 0.1203089 0.0428023 0.0000000 0.2120094 0.1047280 0.0440869 0.0812587 0.2098350 0.1363294 0.1326978 0.1076994 0.1067528 0.1413390 0.1367070 0.1444765 0.1075783 0.0306881 0.1081935 0.2067759 0.1044065 0.0286606 0.0327631 0.1336945 0.0712123 0.0372088 0.2157765 0.1053247 0.1039458 0.1368661 0.2152265 0.1350476 0.1087966 
ref_DQ899143  0.2259496 0.2097028 0.1987478 0.2089495 0.2190828 0.2062189 0.2113356 0.2079159 0.2140203 0.2030076 0.2103248 0.2115283 0.2158929 0.2054972 0.2120094 0.0000000 0.2157465 0.2078709 0.2095627 0.1011389 0.2060950 0.1989784 0.2153555 0.2159106 0.2078486 0.2080991 0.2013715 0.2230190 0.2055418 0.2175647 0.0626590 0.2168727 0.2005047 0.1967352 0.2004457 0.2018030 0.2111995 0.0458579 0.2208647 0.2112646 0.2040757 0.0456453 0.2081156 0.2222968 
ref_EU594385  0.1500080 0.1147998 0.1204745 0.1075335 0.1568770 0.1099932 0.0909957 0.0511020 0.1123787 0.1012460 0.1083198 0.1094058 0.1047053 0.1097275 0.1047280 0.2157465 0.0000000 0.1105589 0.0932425 0.2156273 0.1236480 0.1194599 0.0456179 0.0389852 0.1282253 0.1274453 0.1297925 0.0504919 0.1009411 0.1151498 0.2070858 0.1138838 0.1000614 0.1008706 0.1234484 0.1051928 0.1130772 0.2148798 0.0440777 0.0438363 0.1247003 0.2222928 0.1228517 0.0075886 
ref_EU670263  0.1821046 0.1100458 0.1289121 0.1185901 0.1395286 0.0524999 0.0789768 0.1120336 0.1014131 0.0353281 0.0630074 0.0471421 0.1217455 0.0490529 0.0440869 0.2078709 0.1105589 0.0000000 0.0776413 0.2085019 0.1276337 0.1260989 0.1128869 0.1122295 0.1396702 0.1348159 0.1384653 0.1154598 0.0390103 0.1122443 0.2084862 0.1088269 0.0376842 0.0353092 0.1269475 0.0715515 0.0450318 0.2115317 0.1067423 0.1113990 0.1317338 0.2040671 0.1281081 0.1164248 
ref_FJ023669  0.1467061 0.1021330 0.1264639 0.1135051 0.1436087 0.0779824 0.0340034 0.0915453 0.1001613 0.0753667 0.0880673 0.0848884 0.1130557 0.0853415 0.0812587 0.2095627 0.0932425 0.0776413 0.0000000 0.2174744 0.1276537 0.1217253 0.0883306 0.0884012 0.1272466 0.1361237 0.1342527 0.0920014 0.0826766 0.1035116 0.2081969 0.1045635 0.0765126 0.0747547 0.1248269 0.0827528 0.0826381 0.2072778 0.0896331 0.0887441 0.1243077 0.2039370 0.1259010 0.0989598 
ref_FJ356715  0.2367757 0.2296326 0.2114297 0.2189205 0.2265332 0.2068750 0.2158054 0.2223166 0.2274949 0.2069908 0.2329084 0.2104658 0.2345532 0.2098075 0.2098350 0.1011389 0.2156273 0.2085019 0.2174744 0.0000000 0.2077092 0.2115650 0.2176528 0.2223613 0.2170631 0.2248779 0.2122441 0.2222895 0.2130525 0.2365576 0.1050280 0.2315685 0.2082996 0.2003124 0.2136051 0.2167494 0.2097814 0.1020371 0.2222088 0.2202677 0.2220628 0.0979446 0.2095608 0.2235741 
ref_FJ692507  0.1470722 0.1351079 0.0263383 0.1279357 0.1764346 0.1451601 0.1284544 0.1232493 0.1306495 0.1238654 0.1287593 0.1365432 0.1367076 0.1314816 0.1363294 0.2060950 0.1236480 0.1276337 0.1276537 0.2077092 0.0000000 0.0385876 0.1221974 0.1213508 0.0459485 0.0861312 0.0496446 0.1255548 0.1279927 0.1408939 0.2128043 0.1394901 0.1244428 0.1209057 0.0238883 0.1363534 0.1293854 0.2174229 0.1248373 0.1298055 0.0291282 0.2118806 0.0106130 0.1258600 
ref_FJ692533  0.1507945 0.1366930 0.0363778 0.1307180 0.1702413 0.1432940 0.1222695 0.1186069 0.1329024 0.1196210 0.1276578 0.1324738 0.1353503 0.1311250 0.1326978 0.1989784 0.1194599 0.1260989 0.1217253 0.2115650 0.0385876 0.0000000 0.1218896 0.1192046 0.0371095 0.0899979 0.0499301 0.1224722 0.1235279 0.1393938 0.2089371 0.1380082 0.1182357 0.1178625 0.0353588 0.1316540 0.1286141 0.2065389 0.1230216 0.1255891 0.0411941 0.2054186 0.0396466 0.1200525 
ref_FJ692557  0.1521611 0.1185903 0.1194370 0.1115730 0.1643381 0.1121829 0.0927718 0.0425266 0.1215826 0.1061942 0.1089927 0.1147153 0.1091362 0.1102614 0.1076994 0.2153555 0.0456179 0.1128869 0.0883306 0.2176528 0.1221974 0.1218896 0.0000000 0.0324116 0.1296682 0.1256054 0.1339803 0.0481125 0.1065673 0.1171790 0.2038254 0.1174650 0.1059845 0.1012978 0.1244044 0.1139291 0.1104527 0.2139719 0.0343472 0.0194702 0.1229720 0.2135874 0.1215820 0.0495332 
ref_FJ692601  0.1494524 0.1140018 0.1167255 0.1085565 0.1532469 0.1118725 0.0906470 0.0330409 0.1185703 0.1042665 0.1126531 0.1144130 0.1040107 0.1127810 0.1067528 0.2159106 0.0389852 0.1122295 0.0884012 0.2223613 0.1213508 0.1192046 0.0324116 0.0000000 0.1284721 0.1247495 0.1277206 0.0450775 0.1044725 0.1132312 0.2006822 0.1127220 0.1018807 0.1019790 0.1206430 0.1072704 0.1140184 0.2231688 0.0285069 0.0333055 0.1227784 0.2219446 0.1212099 0.0438733 
ref_FJ904435  0.1559782 0.1426634 0.0421770 0.1367956 0.1759482 0.1518165 0.1341032 0.1288582 0.1415418 0.1294712 0.1383519 0.1434004 0.1467249 0.1448700 0.1413390 0.2078486 0.1282253 0.1396702 0.1272466 0.2170631 0.0459485 0.0371095 0.1296682 0.1284721 0.0000000 0.0877604 0.0604703 0.1367456 0.1328839 0.1454083 0.2192130 0.1445633 0.1279743 0.1299500 0.0406216 0.1431016 0.1372280 0.2133068 0.1341872 0.1326097 0.0456155 0.2128747 0.0469357 0.1298347 
ref_GQ161817  0.1415319 0.1510092 0.0859563 0.1415665 0.1564118 0.1388340 0.1368702 0.1265133 0.1486153 0.1289045 0.1373492 0.1379207 0.1477925 0.1461239 0.1367070 0.2080991 0.1274453 0.1348159 0.1361237 0.2248779 0.0861312 0.0899979 0.1256054 0.1247495 0.0877604 0.0000000 0.1007263 0.1280980 0.1332014 0.1527598 0.2036709 0.1520080 0.1271150 0.1277452 0.0878053 0.1488571 0.1455928 0.2200137 0.1259297 0.1257265 0.0885102 0.2197424 0.0856912 0.1327827 
ref_GQ205389  0.1548062 0.1473332 0.0462689 0.1388297 0.1731445 0.1523050 0.1337175 0.1286674 0.1446723 0.1301459 0.1377898 0.1442513 0.1491691 0.1434645 0.1444765 0.2013715 0.1297925 0.1384653 0.1342527 0.2122441 0.0496446 0.0499301 0.1339803 0.1277206 0.0604703 0.1007263 0.0000000 0.1368334 0.1368180 0.1520757 0.2054603 0.1486614 0.1327343 0.1329535 0.0464318 0.1464028 0.1378932 0.2083168 0.1314631 0.1365860 0.0489685 0.2103057 0.0480636 0.1323143 
ref_GQ331046  0.1520456 0.1207884 0.1269466 0.1126072 0.1630491 0.1127332 0.0932968 0.0519489 0.1186119 0.1070786 0.1115265 0.1102557 0.1123169 0.1158901 0.1075783 0.2230190 0.0504919 0.1154598 0.0920014 0.2222895 0.1255548 0.1224722 0.0481125 0.0450775 0.1367456 0.1280980 0.1368334 0.0000000 0.1035649 0.1210702 0.2138975 0.1217721 0.1045688 0.1031892 0.1281633 0.1105837 0.1187664 0.2279012 0.0467533 0.0524617 0.1310126 0.2257736 0.1248425 0.0556026 
ref_GQ377617  0.1718450 0.1031242 0.1300965 0.1130531 0.1408708 0.0470496 0.0769701 0.1068886 0.0953652 0.0134454 0.0531704 0.0431995 0.1192018 0.0370031 0.0306881 0.2055418 0.1009411 0.0390103 0.0826766 0.2130525 0.1279927 0.1235279 0.1065673 0.1044725 0.1328839 0.1332014 0.1368180 0.1035649 0.0000000 0.1042257 0.2015450 0.1026896 0.0154533 0.0263951 0.1262384 0.0638627 0.0313104 0.2111796 0.1004338 0.1044521 0.1319696 0.2074103 0.1264795 0.1074969 
ref_GU815637  0.1772539 0.0354681 0.1387622 0.0635371 0.1450172 0.1147933 0.1077801 0.1228814 0.0411449 0.1020987 0.1163537 0.1119497 0.0405875 0.1087169 0.1081935 0.2175647 0.1151498 0.1122443 0.1035116 0.2365576 0.1408939 0.1393938 0.1171790 0.1132312 0.1454083 0.1527598 0.1520757 0.1210702 0.1042257 0.0000000 0.2213381 0.0098746 0.0986556 0.1029876 0.1345274 0.1152463 0.1112609 0.2211779 0.1147520 0.1164556 0.1407755 0.2141153 0.1404179 0.1179823 
ref_HM585194  0.2299812 0.2143446 0.2112569 0.2144502 0.2177407 0.2035121 0.2088039 0.2049391 0.2212692 0.2015018 0.2098323 0.2014397 0.2143507 0.2048624 0.2067759 0.0626590 0.2070858 0.2084862 0.2081969 0.1050280 0.2128043 0.2089371 0.2038254 0.2006822 0.2192130 0.2036709 0.2054603 0.2138975 0.2015450 0.2213381 0.0000000 0.2182843 0.1991670 0.1986128 0.2121561 0.2016565 0.2114355 0.0596746 0.2054379 0.1990601 0.2127284 0.0569938 0.2143408 0.2161760 
ref_JQ801514  0.1809412 0.0346114 0.1375945 0.0621590 0.1441080 0.1121520 0.1077517 0.1215136 0.0414414 0.0984040 0.1143436 0.1096205 0.0393786 0.1056375 0.1044065 0.2168727 0.1138838 0.1088269 0.1045635 0.2315685 0.1394901 0.1380082 0.1174650 0.1127220 0.1445633 0.1520080 0.1486614 0.1217721 0.1026896 0.0098746 0.2182843 0.0000000 0.0970036 0.1001740 0.1333910 0.1145076 0.1081265 0.2200150 0.1150078 0.1167404 0.1385565 0.2146771 0.1390171 0.1166939 
ref_KC774182  0.1657224 0.0973422 0.1260763 0.1118075 0.1405284 0.0432863 0.0733630 0.1020387 0.0930955 0.0118252 0.0513294 0.0394511 0.1133760 0.0398755 0.0286606 0.2005047 0.1000614 0.0376842 0.0765126 0.2082996 0.1244428 0.1182357 0.1059845 0.1018807 0.1279743 0.1271150 0.1327343 0.1045688 0.0154533 0.0986556 0.1991670 0.0970036 0.0000000 0.0254026 0.1230657 0.0604564 0.0317287 0.2069210 0.0991246 0.1017059 0.1270110 0.2013744 0.1223704 0.1045908 
ref_KC774298  0.1729578 0.0999438 0.1225107 0.1116230 0.1389225 0.0462332 0.0721146 0.1026741 0.0931626 0.0222045 0.0545361 0.0420518 0.1127205 0.0359609 0.0327631 0.1967352 0.1008706 0.0353092 0.0747547 0.2003124 0.1209057 0.1178625 0.1012978 0.1019790 0.1299500 0.1277452 0.1329535 0.1031892 0.0263951 0.1029876 0.1986128 0.1001740 0.0254026 0.0000000 0.1200585 0.0593042 0.0357624 0.2018475 0.0982140 0.1009691 0.1260336 0.1967548 0.1194236 0.1059222 
ref_KC875277  0.1482892 0.1332151 0.0083381 0.1265482 0.1650915 0.1435263 0.1260284 0.1216617 0.1262104 0.1218824 0.1276493 0.1346520 0.1321180 0.1314148 0.1336945 0.2004457 0.1234484 0.1269475 0.1248269 0.2136051 0.0238883 0.0353588 0.1244044 0.1206430 0.0406216 0.0878053 0.0464318 0.1281633 0.1262384 0.1345274 0.2121561 0.1333910 0.1230657 0.1200585 0.0000000 0.1380168 0.1280053 0.2084667 0.1267656 0.1280537 0.0155944 0.2069284 0.0252486 0.1250386 
ref_KF873526  0.1839587 0.1090678 0.1388722 0.1262099 0.1413391 0.0686743 0.0836083 0.1124162 0.1098293 0.0596800 0.0834428 0.0690509 0.1248399 0.0753720 0.0712123 0.2018030 0.1051928 0.0715515 0.0827528 0.2167494 0.1363534 0.1316540 0.1139291 0.1072704 0.1431016 0.1488571 0.1464028 0.1105837 0.0638627 0.1152463 0.2016565 0.1145076 0.0604564 0.0593042 0.1380168 0.0000000 0.0717042 0.2071281 0.1024062 0.1127459 0.1421786 0.1985164 0.1364124 0.1110713 
ref_KJ173333  0.1733686 0.1062793 0.1302969 0.1173445 0.1510758 0.0533734 0.0827471 0.1134200 0.1036741 0.0275043 0.0587353 0.0547319 0.1248848 0.0370149 0.0372088 0.2111995 0.1130772 0.0450318 0.0826381 0.2097814 0.1293854 0.1286141 0.1104527 0.1140184 0.1372280 0.1455928 0.1378932 0.1187664 0.0313104 0.1112609 0.2114355 0.1081265 0.0317287 0.0357624 0.1280053 0.0717042 0.0000000 0.2174075 0.1090164 0.1132073 0.1294152 0.2109747 0.1266190 0.1175727 
ref_KJ843175  0.2375473 0.2198607 0.2102286 0.2141796 0.2166123 0.2108940 0.2051317 0.2217829 0.2187680 0.2073241 0.2151724 0.2134460 0.2180267 0.2110448 0.2157765 0.0458579 0.2148798 0.2115317 0.2072778 0.1020371 0.2174229 0.2065389 0.2139719 0.2231688 0.2133068 0.2200137 0.2083168 0.2279012 0.2111796 0.2211779 0.0596746 0.2200150 0.2069210 0.2018475 0.2084667 0.2071281 0.2174075 0.0000000 0.2247830 0.2110743 0.2137614 0.0436811 0.2195215 0.2231245 
ref_KM606737  0.1547261 0.1140723 0.1214907 0.1101050 0.1579297 0.1080985 0.0936163 0.0347534 0.1200779 0.0988445 0.1081739 0.1099508 0.1047615 0.1057908 0.1053247 0.2208647 0.0440777 0.1067423 0.0896331 0.2222088 0.1248373 0.1230216 0.0343472 0.0285069 0.1341872 0.1259297 0.1314631 0.0467533 0.1004338 0.1147520 0.2054379 0.1150078 0.0991246 0.0982140 0.1267656 0.1024062 0.1090164 0.2247830 0.0000000 0.0386934 0.1279746 0.2268900 0.1250186 0.0479605 
ref_KP168423  0.1476497 0.1194229 0.1226367 0.1111219 0.1623075 0.1126737 0.0893430 0.0456406 0.1192605 0.1032283 0.1102914 0.1115270 0.1084233 0.1089473 0.1039458 0.2112646 0.0438363 0.1113990 0.0887441 0.2202677 0.1298055 0.1255891 0.0194702 0.0333055 0.1326097 0.1257265 0.1365860 0.0524617 0.1044521 0.1164556 0.1990601 0.1167404 0.1017059 0.1009691 0.1280537 0.1127459 0.1132073 0.2110743 0.0386934 0.0000000 0.1260862 0.2144368 0.1285467 0.0480795 
ref_MF925358  0.1476953 0.1359538 0.0179653 0.1325998 0.1719713 0.1436954 0.1298405 0.1241573 0.1321350 0.1261659 0.1304775 0.1386359 0.1375988 0.1358059 0.1368661 0.2040757 0.1247003 0.1317338 0.1243077 0.2220628 0.0291282 0.0411941 0.1229720 0.1227784 0.0456155 0.0885102 0.0489685 0.1310126 0.1319696 0.1407755 0.2127284 0.1385565 0.1270110 0.1260336 0.0155944 0.1421786 0.1294152 0.2137614 0.1279746 0.1260862 0.0000000 0.2094425 0.0305079 0.1258746 
ref_MH051986  0.2339975 0.2063282 0.2094023 0.2100758 0.2218917 0.2014566 0.2112750 0.2151229 0.2098642 0.2007900 0.2059544 0.2088156 0.2145094 0.2008585 0.2152265 0.0456453 0.2222928 0.2040671 0.2039370 0.0979446 0.2118806 0.2054186 0.2135874 0.2219446 0.2128747 0.2197424 0.2103057 0.2257736 0.2074103 0.2141153 0.0569938 0.2146771 0.2013744 0.1967548 0.2069284 0.1985164 0.2109747 0.0436811 0.2268900 0.2144368 0.2094425 0.0000000 0.2139314 0.2288309 
ref_NC_003977 0.1480516 0.1349049 0.0277084 0.1276083 0.1755784 0.1421472 0.1255240 0.1231076 0.1310639 0.1213865 0.1279353 0.1360118 0.1342052 0.1305494 0.1350476 0.2081156 0.1228517 0.1281081 0.1259010 0.2095608 0.0106130 0.0396466 0.1215820 0.1212099 0.0469357 0.0856912 0.0480636 0.1248425 0.1264795 0.1404179 0.2143408 0.1390171 0.1223704 0.1194236 0.0252486 0.1364124 0.1266190 0.2195215 0.1250186 0.1285467 0.0305079 0.2139314 0.0000000 0.1250539 
ref_X02763    0.1547366 0.1179456 0.1220391 0.1089285 0.1635435 0.1156482 0.0959025 0.0543390 0.1147264 0.1057874 0.1144473 0.1149998 0.1074065 0.1143207 0.1087966 0.2222968 0.0075886 0.1164248 0.0989598 0.2235741 0.1258600 0.1200525 0.0495332 0.0438733 0.1298347 0.1327827 0.1323143 0.0556026 0.1074969 0.1179823 0.2161760 0.1166939 0.1045908 0.1059222 0.1250386 0.1110713 0.1175727 0.2231245 0.0479605 0.0480795 0.1258746 0.2288309 0.1250539 0.0000000 
