216
ref_AB030907  0.0000000 0.4585225 0.4583262 0.5225463 0.1069699 0.1052032 0.5759076 0.5465652 1.0658944 1.0375450 0.8171651 1.0468151 1.0345475 0.8472561 1.0376617 1.1309844 0.4567539 0.0803975 1.0244798 1.2301632 1.2176569 0.4256571 1.1330865 1.1053896 1.0352573 1.0456484 1.1053027 1.0724201 0.8519311 0.4533681 1.0790358 1.0923470 1.0795830 1.1017988 1.0853282 1.0949455 0.5558486 1.0720588 1.0674045 1.1098244 1.1077454 1.1056125 1.0569182 1.0627701 1.0994725 1.0975641 1.0781130 1.0255808 1.0989223 1.0448811 1.0738775 1.0803361 1.0529010 1.0702435 1.0643111 1.1068860 1.1060913 1.1055141 1.1163823 1.1003332 1.0800336 1.1220080 1.0938600 1.1366764 1.1062491 1.0621603 1.0701840 1.0662159 1.0822221 1.0550951 1.1313326 1.0812697 1.0590517 1.0642216 1.0603015 1.1527340 0.5988675 1.1631844 1.0779425 1.0693820 1.0929332 1.1121184 1.0842142 1.0760563 1.0850168 1.1512279 1.0642232 1.0450324 1.0710586 1.0623496 1.0477212 1.0574111 1.0728296 1.0666245 1.0409402 1.0625553 1.0416737 1.0884893 1.0178894 0.4210033 0.4278656 0.4468306 0.4298582 1.0741719 1.0659091 1.0672190 1.1349184 0.4730566 1.0915527 0.4322192 0.4308374 0.4353117 0.4433628 0.4311075 0.4437405 0.4229468 0.4215102 0.4348617 0.4307023 0.4523000 1.1006747 1.0803460 1.1684781 1.1362690 1.0898609 1.0582004 1.0414443 1.0741742 1.0528170 1.0463306 1.0477843 1.0568106 1.0920761 1.0525167 0.5770169 1.2019949 1.1689362 3.3011621 1.1010870 1.0591372 1.0880797 1.0349754 1.0709647 1.0831602 1.0510951 1.1212012 1.1269595 0.4519458 0.4664823 1.2010667 1.1743402 1.0728470 1.0698770 1.0623192 1.0380830 1.0684922 0.4392415 1.0654581 1.0986281 1.0696721 1.0593663 1.0847667 0.6301263 0.4476699 0.4456088 0.3624553 0.4424153 0.6306384 1.0637429 1.0405898 1.1006052 1.0694195 1.0441162 1.0506230 1.0482988 1.1198771 1.0726181 0.4453367 0.4380305 1.0381007 1.0453539 1.0560189 1.0599367 1.0573665 1.0601702 1.0788609 1.0625269 1.0269629 1.0317626 1.0395023 1.0690626 1.1783969 1.1888075 1.0961261 1.0808713 1.0818161 1.0658871 1.1179757 1.1461147 1.0453067 1.1179988 1.0890098 1.0883976 1.0819122 1.1319037 1.0805781 1.0711918 1.0858542 1.0399381 1.1856594 1.0841387 1.1144441 1.0752309 1.1238994 1.1964160 1.1718535 
ref_AB031663  0.4585225 0.0000000 0.3573160 0.7854204 0.4959965 0.5059368 0.8315193 0.8264006 1.0811850 1.0176809 0.7661338 1.0463437 1.0564681 0.5811285 1.0380008 1.1402518 0.3431463 0.4598803 1.0422205 1.1912624 1.1854491 0.3225464 1.1357704 1.0882520 1.0787839 1.0860526 1.1147081 1.0304927 0.7757603 0.3281167 1.0834648 1.1293210 1.0522260 1.1204363 1.0846591 1.0964402 0.8254038 1.0890014 1.0836160 1.1001725 1.1170047 1.1282253 1.1104681 1.1032914 1.1231656 1.0889024 1.1216285 1.0686023 1.0885084 1.0804631 1.1133556 1.1276691 1.0759223 1.0892535 1.0479857 1.1103220 1.1299743 1.1184937 1.0955039 1.1027293 1.1196497 1.1096437 1.1260691 1.1318040 1.0960588 1.0939300 1.0596289 1.0965138 1.0807292 1.0764908 1.1186888 1.1283940 1.0811906 1.0857531 1.0786498 1.1810755 0.8968474 1.1639693 1.0390668 1.0360647 1.1065771 1.1395776 1.1155295 1.0958356 1.0962756 1.1039311 1.0857250 1.0826875 1.0788466 1.0844028 1.0587823 1.0743875 1.0859385 1.0826470 1.0720527 1.1301896 1.0764030 1.1113270 1.1163636 0.2578736 0.2493627 0.3327165 0.3230353 1.0337069 1.1149745 1.1210340 1.1404771 0.3635776 1.0834764 0.4100178 0.3062181 0.3215247 0.3210747 0.3226354 0.3352750 0.3062559 0.3143882 0.2573500 0.3391769 0.3567991 1.1002932 1.1005227 1.1244290 1.1621836 1.1177273 1.0924925 1.0904857 1.0928423 1.0956031 1.1003267 1.0566517 1.0981329 1.1065986 1.0638137 0.9036420 1.1624124 1.1284612 3.2833833 1.1088097 1.0861663 1.0756866 1.0381994 1.0806729 1.0897348 1.0661257 1.1510073 1.1244402 0.3403909 0.1143236 1.1393721 1.1250131 1.1449814 1.1153990 1.1206307 1.0843445 1.1151184 0.3058922 1.1139786 1.1207105 1.0966051 1.0872216 1.1319896 0.6018355 0.4500263 0.4488142 0.4613392 0.4255724 0.6058459 1.0680472 1.0444597 1.0680976 1.0880156 1.0691959 1.0335898 1.0344437 1.1811002 1.1173797 0.3376553 0.3295785 1.0124132 1.0263360 1.0678414 1.0668714 1.0790475 1.0643079 1.0625574 1.0577134 1.0191788 1.0267377 1.0633346 1.0617759 1.1530403 1.1585471 1.1034967 1.0674968 1.0756774 1.1171423 1.1197216 1.1618930 1.0694808 1.0959052 1.1268902 1.1035699 1.1183698 1.1458763 1.0354694 1.0578265 1.0704026 1.0494274 1.1722667 1.1186688 1.1333498 1.1199998 1.1656554 1.1825045 1.1715163 
ref_AB047639  0.4583262 0.3573160 0.0000000 0.8218591 0.5007190 0.5215282 0.8587218 0.8724735 1.0906328 1.0160420 0.7731578 1.0157634 1.0612046 0.7970156 1.0706827 1.1659485 0.1259098 0.4664167 1.0379188 1.2560239 1.2399151 0.3457256 1.1621845 1.1197438 1.0429491 1.0909906 1.1133448 1.0592257 0.8047880 0.3477273 1.1162790 1.1186399 1.1004546 1.1443060 1.1000599 1.1095201 0.8588700 1.0692075 1.0668037 1.1528245 1.1165960 1.1333878 1.1287348 1.1357650 1.1243230 1.0892312 1.1112844 1.0384849 1.0708761 1.0833138 1.1183508 1.0719854 1.1097053 1.0557754 1.0519163 1.1114717 1.1824687 1.1363834 1.1210453 1.1161770 1.0747941 1.1511398 1.1409272 1.1282718 1.1255732 1.0829180 1.0658442 1.1009761 1.0414695 1.0397240 1.1450595 1.1013808 1.0827088 1.0860368 1.0828080 1.1540887 0.9086240 1.1712272 1.0419641 1.0548379 1.1557856 1.1883659 1.1011272 1.1129194 1.1269464 1.1568912 1.0674815 1.0762107 1.0974182 1.0769361 1.0781133 1.0444862 1.0615962 1.0621001 1.0324232 1.0706488 1.0657168 1.1097477 1.0665011 0.3427202 0.3392487 0.3699276 0.3631736 1.0809560 1.1098092 1.1241257 1.1638054 0.0719804 1.0806575 0.4356382 0.3351695 0.3375886 0.3533238 0.3364490 0.3538916 0.3299425 0.3303933 0.3477882 0.3505251 0.3621869 1.1226861 1.1256373 1.1630978 1.1791505 1.1012252 1.0866608 1.0821721 1.1005412 1.0717920 1.0885827 1.0890828 1.0913767 1.0784228 1.0859837 0.9128245 1.2082202 1.2001830 3.2812950 1.1568857 1.1106926 1.1170632 1.0548150 1.1126507 1.1143949 1.1192777 1.1595733 1.1363717 0.3501697 0.3591891 1.2288984 1.1872132 1.1144131 1.1059905 1.1180375 1.0809740 1.0806466 0.3409515 1.0876773 1.1067006 1.0775732 1.0784616 1.0940051 0.6317052 0.4637891 0.4593286 0.4654737 0.4465458 0.6286413 1.0719677 1.0390370 1.0919379 1.0978017 1.0694420 1.0406330 1.0465745 1.1679888 1.1296119 0.3450269 0.3391979 1.0315403 1.0361396 1.0422069 1.0457709 1.0882297 1.0801517 1.0687068 1.0481421 1.0257290 1.0345371 1.0386389 1.0567928 1.1994241 1.1972176 1.1284808 1.0933735 1.0934312 1.0995283 1.1168967 1.1745645 1.1094841 1.1132872 1.1372801 1.1226073 1.1311994 1.1747438 1.0635657 1.0527642 1.0707357 1.0167059 1.2024249 1.1209030 1.1543611 1.1214182 1.1696249 1.2317621 1.2286817 
ref_AB622121  0.5225463 0.7854204 0.8218591 0.0000000 0.5763068 0.6086392 0.1117171 0.0994635 0.9216301 0.4909905 0.6852441 0.5667383 0.5706745 0.1991909 0.5865606 0.9298418 0.7919298 0.5144034 0.5645987 1.0215613 1.0561018 0.7994453 1.0047816 0.9115440 0.9002802 0.8957084 0.9418389 0.2797749 0.7079757 0.7861528 0.9030104 0.9106488 0.9079721 0.9104398 0.9121745 0.9003200 0.1177153 0.8196566 0.8278761 0.9133678 0.9235594 0.9171417 0.9061821 0.8940073 0.9050166 0.9242242 0.8880280 0.8031619 0.5743267 0.8924853 0.9063247 0.8727045 0.8713764 0.9227447 0.8212308 0.9292116 0.9448487 0.9237879 0.9372071 0.9272467 0.8823613 0.9321266 0.9220759 0.9370305 0.9266918 0.8088941 0.8145898 0.7995330 0.8271750 0.8180561 0.9308643 0.9165512 0.8527950 0.8543550 0.8455243 0.9531840 0.4727475 0.9738813 0.2820443 0.2922999 0.9163228 0.9501148 0.8389681 0.8283233 0.8390968 0.9787339 0.8298094 0.7853189 0.8646024 0.8095591 0.8132013 0.8283988 0.8320294 0.7917058 0.7880963 0.8190367 0.8486047 0.8451186 0.8148007 0.7717981 0.7818866 0.8197864 0.7934246 0.6355202 0.8398345 0.8594801 0.9175328 0.8473859 0.5978838 0.7907005 0.7669822 0.7674690 0.7980959 0.7751682 0.7511743 0.8023958 0.7784924 0.7673092 0.7699752 0.8107632 0.9525331 0.9743666 1.0109108 0.9417634 0.9527859 0.7828430 0.8025569 0.8272995 0.8353747 0.8101969 0.7793948 0.8074852 0.8501343 0.8168878 0.2832932 1.0133548 1.0061055 3.2723890 0.8987308 0.8786756 0.9057073 0.8919457 0.8825503 0.8940150 0.8753085 0.9294437 0.9141770 0.8174390 0.7992562 1.0163868 0.9996593 0.8484097 0.8636323 0.8531226 0.7958685 0.8410896 0.7892290 0.8664994 0.8246061 0.8521921 0.7988386 0.8509701 0.9014939 0.7875107 0.7720011 0.7457412 0.7851887 0.9027888 0.5587409 0.5717560 0.6099618 0.5624104 0.5504733 0.5136878 0.5168983 0.9188752 0.8583577 0.8084083 0.7892109 0.4081065 0.4184047 0.5626909 0.5597065 0.5598382 0.5891192 0.5741912 0.5489442 0.5528949 0.5575479 0.5533785 0.5628878 1.0035733 1.0249574 0.9156906 0.9155769 0.9218737 0.9262523 0.9438088 0.9339275 0.8935264 0.9366103 0.9165922 0.9121819 0.9285970 0.9232542 0.2759118 0.5661017 0.5755999 0.5608252 1.0136102 0.8840761 0.9704395 0.9381820 1.0325491 1.0362583 0.9695225 
ref_AB661382  0.1069699 0.4959965 0.5007190 0.5763068 0.0000000 0.1267075 0.6150001 0.5912307 1.1504243 1.1577367 0.8982047 1.1128793 1.1151575 0.8856104 1.1188017 1.2426956 0.4839036 0.0990494 1.1124678 1.3221457 1.3098922 0.4703221 1.2380685 1.2153495 1.1742373 1.1243926 1.2298326 1.1496002 0.9088162 0.4867704 1.1421949 1.1837190 1.1472495 1.1878765 1.1635397 1.1958882 0.5776437 1.1478698 1.1674206 1.2495817 1.2022483 1.1838999 1.1681879 1.1681835 1.1968262 1.1925623 1.1805370 1.1210626 1.1466771 1.1139135 1.1910032 1.1812803 1.1321191 1.1646683 1.1448001 1.1970233 1.1873438 1.2192471 1.1973597 1.1695802 1.1523589 1.2469740 1.1715878 1.2265274 1.1706792 1.1282579 1.1454086 1.1500397 1.1448203 1.1207221 1.2628105 1.1638069 1.1459979 1.1520657 1.1372929 1.1738028 0.6213406 1.1816393 1.1702029 1.1354536 1.1830331 1.1988008 1.1597718 1.1331826 1.1587448 1.2467586 1.1720734 1.1350814 1.1548902 1.1462357 1.1370614 1.1503795 1.1553531 1.1582585 1.1298844 1.1519480 1.1443858 1.1666449 1.1124678 0.4526434 0.4599397 0.4884662 0.4609409 1.1204359 1.1388870 1.1479774 1.2328603 0.4976750 1.1665727 0.4749548 0.4635812 0.4691349 0.4822710 0.4592969 0.4732766 0.4619605 0.4542738 0.4700798 0.4680204 0.4972742 1.2229865 1.2130359 1.2835130 1.2281437 1.2055572 1.1605562 1.1373859 1.1744369 1.1544632 1.1491675 1.1477226 1.1688413 1.2018263 1.1575244 0.5851416 1.2920087 1.2819182 3.4087212 1.1690411 1.1518598 1.1744827 1.1087936 1.1646230 1.1645856 1.1429584 1.2095377 1.2114579 0.4920364 0.4915632 1.2670576 1.2616331 1.1514873 1.1471819 1.1321427 1.1195471 1.1552243 0.4650833 1.1599174 1.1383603 1.1552584 1.1288042 1.1409598 0.6651856 0.4647986 0.4613017 0.3878524 0.4637578 0.6650701 1.1418535 1.1150955 1.1670499 1.1556350 1.1373458 1.1320002 1.1108096 1.2462123 1.1776066 0.4796018 0.4733950 1.1363467 1.1364106 1.1694891 1.1481743 1.1493272 1.1499913 1.1448196 1.1326840 1.1220499 1.1206987 1.1386300 1.1631004 1.2520408 1.2939049 1.1899327 1.1898478 1.1908578 1.1622222 1.2023483 1.2309669 1.1303983 1.1956039 1.1995537 1.2180329 1.1983072 1.2073386 1.1701814 1.1751253 1.1838806 1.1662000 1.2743143 1.1811291 1.2094227 1.2268918 1.2420695 1.2765017 1.2957808 
ref_AB661388  0.1052032 0.5059368 0.5215282 0.6086392 0.1267075 0.0000000 0.6524695 0.6242450 1.1786703 1.1819528 0.9257039 1.1403259 1.1368946 0.9363654 1.1507395 1.2480870 0.5037293 0.0925922 1.1327482 1.3549141 1.3600697 0.4919813 1.2583587 1.2192937 1.1816501 1.1730573 1.2634496 1.1686700 0.9383569 0.4990818 1.1884969 1.2003270 1.1858462 1.2037733 1.1907481 1.2075516 0.6338741 1.1631109 1.1776267 1.2620156 1.2416708 1.2207179 1.1632513 1.1615148 1.2122524 1.2180019 1.1916643 1.1407330 1.1651211 1.1573295 1.1984305 1.2040163 1.1512898 1.1896754 1.1782909 1.1949408 1.2185223 1.2314542 1.2305212 1.2001713 1.1878759 1.2646056 1.1929042 1.2202483 1.2143811 1.1694848 1.1927531 1.1910248 1.1632932 1.1519406 1.2812073 1.2090836 1.1835003 1.1883223 1.1821426 1.2068772 0.6505064 1.2091911 1.1865670 1.1727055 1.2002414 1.2277753 1.1805404 1.1498844 1.1586415 1.2828208 1.2126070 1.1771819 1.2116621 1.1780231 1.1778821 1.1769774 1.1959728 1.1976331 1.1603481 1.1648546 1.1848921 1.2246644 1.1357925 0.4696409 0.4729636 0.4940339 0.4726269 1.1803798 1.1760966 1.1839883 1.2449969 0.5162816 1.1619098 0.4809565 0.4837422 0.4752200 0.4953243 0.4717338 0.4938771 0.4850621 0.4688781 0.4931306 0.4819164 0.5146797 1.2283672 1.2346780 1.3306007 1.2563465 1.2319728 1.1953879 1.1635843 1.1973484 1.1673531 1.1721544 1.1604799 1.1889629 1.2127787 1.1947955 0.6340751 1.3277769 1.3164377 3.4774763 1.2033124 1.1656059 1.1894478 1.1555322 1.1623031 1.1862694 1.1488857 1.2464521 1.2436699 0.5036231 0.5139376 1.3079727 1.2794075 1.1844609 1.1719707 1.1626871 1.1508977 1.1971857 0.4885396 1.1935390 1.1765217 1.1929105 1.1659246 1.1810727 0.7053420 0.4816736 0.4852369 0.4109082 0.4720036 0.7021000 1.1810711 1.1512519 1.2074742 1.1841945 1.1687906 1.1491796 1.1609131 1.2573292 1.2092320 0.4978565 0.4939302 1.1513157 1.1523474 1.1550885 1.1755242 1.1870999 1.1707592 1.1921137 1.1630686 1.1275332 1.1642136 1.1418282 1.1838893 1.2988179 1.3243086 1.2039454 1.1891876 1.2017401 1.1797687 1.2280378 1.2533162 1.1609865 1.2260214 1.2374781 1.2195104 1.2028565 1.2479755 1.1872059 1.1811390 1.1993602 1.1784454 1.3201339 1.2020059 1.2391855 1.2544390 1.2532623 1.3198255 1.3014916 
ref_AB677527  0.5759076 0.8315193 0.8587218 0.1117171 0.6150001 0.6524695 0.0000000 0.1028620 0.9335954 0.4825225 0.7158753 0.5560893 0.5739848 0.1850629 0.5955382 0.9488757 0.8144040 0.5643427 0.5712547 1.0394679 1.0699902 0.8233111 1.0463019 0.9310089 0.9206882 0.9029066 0.9134244 0.2761864 0.7130627 0.8163990 0.9134642 0.9257094 0.9205896 0.9397461 0.9151392 0.9179907 0.1128326 0.8680888 0.8675067 0.9322716 0.9431907 0.9247222 0.9274721 0.9043867 0.9319692 0.9323781 0.9014240 0.8513652 0.5784076 0.9118941 0.9108768 0.9110011 0.8933470 0.9420611 0.8513652 0.9317592 0.9333917 0.9446319 0.9416005 0.9479332 0.9117628 0.9555049 0.9470929 0.9537893 0.9449077 0.8437802 0.8582006 0.8336141 0.8502249 0.8368911 0.9457754 0.9345440 0.8675519 0.8586773 0.8565805 0.9780994 0.5101999 0.9887447 0.2640713 0.2698711 0.9120554 0.9393275 0.8942934 0.8564068 0.8731272 0.9970050 0.8706885 0.8247151 0.8957111 0.8245053 0.8488774 0.8726715 0.8553294 0.8203604 0.8073227 0.8366298 0.8771874 0.8806222 0.8314617 0.7985306 0.8006967 0.8385950 0.8041308 0.6379364 0.8780285 0.8910478 0.9331174 0.8670184 0.5985237 0.8066222 0.7899146 0.7857429 0.8135441 0.8055396 0.7922689 0.8210133 0.8003265 0.8036379 0.8191559 0.8347218 0.9880973 0.9953085 1.0239403 0.9878425 0.9875661 0.8129017 0.8278484 0.8704687 0.8863748 0.8686161 0.8096522 0.8611140 0.8867892 0.8365169 0.2925561 1.0432107 1.0365480 3.3737973 0.9244091 0.8777307 0.9308967 0.8887983 0.9059240 0.9221072 0.8990176 0.9360530 0.9471176 0.8384710 0.8251895 1.0350054 1.0077441 0.8726948 0.8998105 0.8924934 0.8304650 0.8646138 0.8077942 0.9088289 0.8491564 0.8905829 0.8255221 0.8766673 0.9159054 0.8201210 0.7939957 0.7628831 0.8037564 0.9134879 0.5674235 0.5724282 0.6161546 0.5643927 0.5558795 0.5136513 0.5184247 0.9193586 0.8834053 0.8062936 0.8045809 0.4001116 0.3858355 0.5564454 0.5498964 0.5540889 0.5888238 0.5591837 0.5522218 0.5498930 0.5549915 0.5711573 0.5635889 1.0114711 1.0368253 0.9222926 0.9256879 0.9307950 0.9243049 0.9564108 0.9316773 0.9032987 0.9552944 0.9262937 0.9326252 0.9321955 0.9377145 0.2748570 0.5639484 0.5798006 0.5631303 1.0277510 0.9261088 0.9880987 0.9702026 1.0703258 1.0355551 0.9787081 
ref_AB677530  0.5465652 0.8264006 0.8724735 0.0994635 0.5912307 0.6242450 0.1028620 0.0000000 0.9184174 0.5041057 0.7299369 0.5753401 0.5853535 0.1924210 0.6044213 0.9502531 0.8267137 0.5378022 0.5810941 1.0722958 1.0889607 0.8449576 1.0593322 0.9260623 0.9406629 0.9192049 0.9337306 0.2624546 0.7163508 0.8073544 0.9362159 0.9316371 0.9380582 0.9368668 0.9228587 0.9135742 0.1109877 0.8527125 0.8519197 0.9494662 0.9548273 0.9278915 0.9429305 0.9320751 0.9373724 0.9472308 0.9135794 0.8286620 0.5914658 0.9158078 0.9087866 0.9138173 0.9041535 0.9372373 0.8394648 0.9258011 0.9733877 0.9580611 0.9585188 0.9297143 0.9041813 0.9419488 0.9412731 0.9405407 0.9483038 0.8296027 0.8608764 0.8245707 0.8394118 0.8305379 0.9547663 0.9391133 0.8641778 0.8645256 0.8574717 0.9674383 0.4830650 0.9740269 0.2631079 0.2707231 0.9394865 0.9782905 0.8795754 0.8357668 0.8574028 1.0160610 0.8664188 0.8072171 0.8977447 0.8497055 0.8578144 0.8591671 0.8713158 0.8174222 0.8030987 0.8418187 0.8831355 0.8806083 0.8386757 0.8089388 0.8316992 0.8289219 0.7913484 0.6430749 0.8792109 0.8880950 0.9280342 0.8686619 0.6059781 0.8128066 0.8026690 0.7974237 0.8151573 0.8126443 0.7972055 0.8315197 0.8158798 0.8142883 0.8288051 0.8487011 0.9937843 1.0135398 1.0413602 0.9976715 0.9962989 0.8268080 0.8365941 0.8754612 0.8731524 0.8663194 0.8067263 0.8483236 0.8792376 0.8457336 0.2874722 1.0619066 1.0505796 3.3294376 0.9342034 0.9009876 0.9338897 0.9160797 0.9091695 0.9297561 0.9133978 0.9456275 0.9565129 0.8518885 0.8285241 1.0308565 1.0186645 0.8706721 0.8945215 0.8853340 0.8084015 0.8450841 0.8002358 0.8853564 0.8301979 0.8837390 0.8123607 0.8528432 0.9229348 0.8254222 0.8004560 0.7671866 0.8092457 0.9208356 0.5733314 0.5825194 0.6238920 0.5789400 0.5684790 0.5189616 0.5199681 0.9377043 0.9186881 0.8294293 0.8223092 0.4089853 0.4042749 0.5621659 0.5726914 0.5668051 0.6019055 0.5743033 0.5607770 0.5634949 0.5715977 0.5683873 0.5811923 1.0549120 1.0535833 0.9461999 0.9267875 0.9345020 0.9477807 0.9568044 0.9460731 0.9198582 0.9588399 0.9436059 0.9461831 0.9329241 0.9461342 0.2617687 0.5778888 0.5920487 0.5773002 1.0532754 0.9204609 0.9740060 0.9742599 1.0812840 1.0549849 0.9768061 
ref_AF064490  1.0658944 1.0811850 1.0906328 0.9216301 1.1504243 1.1786703 0.9335954 0.9184174 0.0000000 0.8175699 0.6424047 0.8501852 0.8541194 0.9138105 0.8737082 0.9090169 1.0988450 1.0867897 0.8287875 0.9845534 0.9730207 1.0777933 0.9417097 0.8938045 0.8690872 0.8516694 0.8662719 0.8471723 0.9931697 1.0796489 0.8829036 0.9083510 0.8784462 0.8697578 0.9076550 0.8895289 0.9385993 0.8125594 0.8538555 0.9153620 0.8860691 0.8864166 0.9064944 0.8988533 0.8768445 0.8799760 0.8610712 0.8465430 0.8607793 0.8913448 0.8878280 0.8954802 0.8715034 0.9121347 0.8790128 0.8866660 0.9296126 0.9132203 0.9269255 0.9020863 0.8960771 0.9157204 0.8796722 0.8877863 0.9287049 0.8271788 0.8176628 0.8278490 0.8788287 0.8854722 0.9129224 0.9055472 0.9027846 0.9074616 0.9090025 0.9544544 1.0046549 0.9596345 0.8523043 0.8382339 0.9147456 0.9341875 0.8629808 0.8534873 0.8713922 0.9563640 0.8435748 0.8264798 0.8481398 0.8439628 0.8946437 0.8353350 0.8309279 0.8228699 0.8441508 0.8851021 0.8620552 0.8689140 0.8619759 1.0658439 1.0749013 1.0706137 1.0491368 0.8767717 0.8585262 0.8606408 0.8998782 1.0953928 0.8468185 1.0738844 1.0424576 1.0682172 1.0380810 1.0499203 1.0489007 1.0697140 1.0556073 1.0563886 1.0429918 1.1189397 0.9616360 0.9168514 0.9536685 0.9339513 0.9405100 0.8462312 0.8641151 0.8719704 0.8271695 0.8531895 0.8524828 0.8295998 0.8590729 0.8619582 0.9741440 0.9613762 0.9695602 3.2760428 0.8812336 0.8686263 0.8823529 0.8592544 0.8641312 0.8869813 0.8781274 0.8770548 0.8987172 1.0958720 1.0766036 0.9792173 0.9647078 0.8921795 0.8399539 0.8496691 0.8315918 0.8534787 1.0670742 0.8701880 0.8374538 0.8656638 0.8503047 0.8921210 1.1204770 1.0777017 1.0802774 1.0873879 1.0821443 1.1279716 0.8806966 0.8383686 0.8735839 0.8681129 0.8752080 0.8169511 0.8377562 0.9326963 0.8794402 1.0751358 1.0752410 0.8521386 0.8630993 0.8635960 0.8252651 0.8449321 0.8743669 0.8417263 0.8713250 0.8776749 0.8482563 0.8562871 0.8686460 0.9802090 0.9455929 0.8936780 0.9065747 0.8946527 0.9156280 0.9338919 0.9292406 0.8852465 0.9326234 0.8772148 0.8736919 0.8809416 0.8827319 0.8592787 0.8500097 0.8658479 0.8439876 0.9685714 0.9207927 0.1140035 0.8989102 1.1175700 0.9731407 0.9445949 
ref_AJ851228  1.0375450 1.0176809 1.0160420 0.4909905 1.1577367 1.1819528 0.4825225 0.5041057 0.8175699 0.0000000 0.8715327 0.4254408 0.4088240 0.4609540 0.4255597 0.9263918 1.0117725 1.0582796 0.4083240 0.9422008 0.9606286 1.0172159 0.9548981 0.8762862 0.8580140 0.8576708 0.9031817 0.3241133 0.9399893 1.0169609 0.8686639 0.8964405 0.8819187 0.8941939 0.8941347 0.8689325 0.5036564 0.7419492 0.7607000 0.8655300 0.8972192 0.9069335 0.8934936 0.8837190 0.8941843 0.8941786 0.8953962 0.7366867 0.3979842 0.8520559 0.8791414 0.8406000 0.8679569 0.8581057 0.7637372 0.8582799 0.9039018 0.9302617 0.9058032 0.8999748 0.8496212 0.8712351 0.9018608 0.8964562 0.9037151 0.7649724 0.7426730 0.7637714 0.7750296 0.7750532 0.8821465 0.9042142 0.8331094 0.8308024 0.8230693 0.9582728 1.0117941 0.9855851 0.3143445 0.3162409 0.8883510 0.9065214 0.7930599 0.7416031 0.7575474 0.9138185 0.7493655 0.7224607 0.7370759 0.7121373 0.7498817 0.7533657 0.7454194 0.7483029 0.7133976 0.7628726 0.7442045 0.7666510 0.7529679 0.9931565 1.0100349 1.0263825 1.0314923 0.4830952 0.7620477 0.7560913 0.9292286 1.0314347 0.3888721 1.0232566 0.9909807 0.9729598 1.0108301 1.0046533 1.0111210 1.0068065 1.0263738 1.0060412 0.9928458 1.0374330 0.8891899 0.9195272 0.9534585 0.8589743 0.8858449 0.7499893 0.7334414 0.7629958 0.7669867 0.7688372 0.7314127 0.7448726 0.7812558 0.7574874 0.6146469 0.9377942 0.9446059 3.4094088 0.8949376 0.8634386 0.8820204 0.8364042 0.8855351 0.8990291 0.8823418 0.8756827 0.8881052 1.0407418 1.0254609 0.9559263 0.9305630 0.7938542 0.7565696 0.7635393 0.7485074 0.7701743 1.0184209 0.7515861 0.7615889 0.7520755 0.7430537 0.7849315 1.0454636 1.0536854 1.0143689 1.0148696 1.0766531 1.0598578 0.4225388 0.4452079 0.4414859 0.4226830 0.4181060 0.3384144 0.3411053 0.8960164 0.8480148 1.0378955 1.0199103 0.3052056 0.3299882 0.3919865 0.3791482 0.3904799 0.4344473 0.3897416 0.3906443 0.3889147 0.4044528 0.3965960 0.3946892 0.9247874 0.9165102 0.8584595 0.8777619 0.8829611 0.9158840 0.9190885 0.8856081 0.8691415 0.9006188 0.8828250 0.8761572 0.8785397 0.8819504 0.3302516 0.3885261 0.3964407 0.3825702 0.9369601 0.8204003 0.8744039 0.9125471 1.0186535 0.9468887 0.9689269 
ref_AM408911  0.8171651 0.7661338 0.7731578 0.6852441 0.8982047 0.9257039 0.7158753 0.7299369 0.6424047 0.8715327 0.0000000 0.8836113 0.8983467 0.6643448 0.9120660 1.0177572 0.7627616 0.8215261 0.8956728 1.0680995 1.0447728 0.7173923 0.9473482 0.9772623 0.9616525 0.9453718 0.9993469 0.9050775 0.6365365 0.7060873 0.9552698 1.0009108 0.9421526 0.9929919 0.9853367 0.9756184 0.7151784 0.9353306 0.9553566 0.9679643 1.0305221 1.0167577 0.9911220 0.9840951 1.0014965 1.0215465 0.9974448 0.9435284 0.8955058 0.9639743 0.9383829 0.9447362 0.9498717 0.9702922 0.9519754 0.9705359 1.0412515 0.9949355 0.9963577 0.9715417 0.9669002 0.9878831 0.9931033 1.0043265 0.9932428 0.9505100 0.9552158 0.9618082 0.9511148 0.9558840 0.9728613 0.9811364 0.9630635 0.9749290 0.9650040 1.0265297 0.7775741 1.0566217 0.9005952 0.8960512 1.0240660 1.0413139 0.9500195 0.9502818 0.9540900 0.9949525 0.9232670 0.9498140 0.9416586 0.9446413 0.9553331 0.9194551 0.9455177 0.9401158 0.9039988 0.9488542 0.9662156 0.9448025 0.9435784 0.7556123 0.7616579 0.7514507 0.7302546 0.8963518 0.9608155 0.9645662 1.0154955 0.7845227 0.8941106 0.7927272 0.7511241 0.7404865 0.7386829 0.7206979 0.7238560 0.7295732 0.7184845 0.7384658 0.7555206 0.7628280 1.0131053 0.9265669 1.0000678 0.9813263 1.0201391 0.9441023 0.9648660 0.9869655 0.9347046 0.9645394 0.9434895 0.9239469 0.9615674 0.9707168 0.7381448 1.0261514 1.0284661 3.3697264 0.9972790 0.9451340 0.9583793 0.9138537 0.9682093 0.9527984 0.9636400 0.9947354 1.0301421 0.7253943 0.7784293 1.0116355 1.0040400 0.9570301 0.9610503 0.9758233 0.9303616 0.9314690 0.7616678 0.9757452 0.9569039 0.9557911 0.9263530 0.9738277 0.8967655 0.8298225 0.7853384 0.7980972 0.8197619 0.9029891 0.9211958 0.8954687 0.9210660 0.9168335 0.9151895 0.8934772 0.9028852 0.9805867 0.9650878 0.7515700 0.7312650 0.8992671 0.9173416 0.8841353 0.8620601 0.8913900 0.9204968 0.8513349 0.8712538 0.8843139 0.8556916 0.8994187 0.8765772 1.0174326 1.0245963 0.9948606 0.9689100 0.9563850 0.9953551 0.9968867 0.9875547 0.9400647 1.0059486 0.9278487 0.9217725 0.9323950 0.9911003 0.9209623 0.8767453 0.8960736 0.8797208 1.0232514 1.0098662 0.6846011 0.9589875 1.1256715 1.0275864 1.0563690 
ref_AM910652  1.0468151 1.0463437 1.0157634 0.5667383 1.1128793 1.1403259 0.5560893 0.5753401 0.8501852 0.4254408 0.8836113 0.0000000 0.4554858 0.5593586 0.4635564 0.8929427 1.0419602 1.0474777 0.4369363 1.0449973 1.0188270 1.0379388 1.0012420 0.8681518 0.9111891 0.8784724 0.9057947 0.4308952 0.9206533 1.0674389 0.8865897 0.8879018 0.8873912 0.8979162 0.8903405 0.8586715 0.5831582 0.7503847 0.7846200 0.8862614 0.9292588 0.9149137 0.9186588 0.8952095 0.8934795 0.9216927 0.9023696 0.7454835 0.4424462 0.8972194 0.8310700 0.8396085 0.8960815 0.8752008 0.7677918 0.8735436 0.9254090 0.9081309 0.8897892 0.8925064 0.8522787 0.8987413 0.8977258 0.8918943 0.9011540 0.7686210 0.7359166 0.7545085 0.7764129 0.7654846 0.9184168 0.9146245 0.8557737 0.8559183 0.8547526 0.9468499 0.9865685 0.9738302 0.4223445 0.4212812 0.9002612 0.9305597 0.7809319 0.7918068 0.7963491 0.9799410 0.7556555 0.7109244 0.7407773 0.7358461 0.7679844 0.7544014 0.7578535 0.7220068 0.7230983 0.7488526 0.7596689 0.8086257 0.7552073 0.9917468 1.0094862 1.0505962 1.0596928 0.5048897 0.7489244 0.7533202 0.8859150 1.0550941 0.4440044 1.0184278 1.0131615 1.0202151 1.0423107 1.0216215 1.0422890 1.0068548 1.0427564 1.0194908 0.9984363 1.0690732 0.9430926 0.9673597 0.9721829 0.9262066 0.9433100 0.7643568 0.7317232 0.7541441 0.7570680 0.7796033 0.7543133 0.7507048 0.7654442 0.7515127 0.6241874 1.0438215 0.9927972 3.2279508 0.9056226 0.8818075 0.9096835 0.8700749 0.8922949 0.9404368 0.8896174 0.8925505 0.9289708 1.0625675 1.0504674 0.9911739 0.9837995 0.7938463 0.7358665 0.7612688 0.7293218 0.7469162 1.0388127 0.7666610 0.7447531 0.7425419 0.7573974 0.7716012 1.0586019 1.0571410 1.0113715 1.0369077 1.0396613 1.0634240 0.4241168 0.2346216 0.4557189 0.4191759 0.4181448 0.4290819 0.4392103 0.9073037 0.8669771 1.0764436 1.0511173 0.4316106 0.4410973 0.4565372 0.4113776 0.4374928 0.4345477 0.4358860 0.4490430 0.4258490 0.4371073 0.4530989 0.4481748 0.9928397 0.9852282 0.8907931 0.9009988 0.8951741 0.9024079 0.9021298 0.8832726 0.8957996 0.8938493 0.8587828 0.8693680 0.8475287 0.9006133 0.4293913 0.4290125 0.4339412 0.4182217 1.0334221 0.8384396 0.9077805 0.9141892 1.0292797 1.0366329 0.9328851 
ref_AY051292  1.0345475 1.0564681 1.0612046 0.5706745 1.1151575 1.1368946 0.5739848 0.5853535 0.8541194 0.4088240 0.8983467 0.4554858 0.0000000 0.5846437 0.1004532 0.8765277 1.0543796 1.0492636 0.0778470 0.9540393 0.9785313 1.0408962 0.9564964 0.8752700 0.9065788 0.8734391 0.8974781 0.4449812 0.9307218 1.0262342 0.8813121 0.8912228 0.8823740 0.8474932 0.9133529 0.8635983 0.5927106 0.7549833 0.7826848 0.9082394 0.8962990 0.8858747 0.8785723 0.8662662 0.8563905 0.9061053 0.8641731 0.7650408 0.3771071 0.8781903 0.8723412 0.8583777 0.8608764 0.8983440 0.7838075 0.8738473 0.9232345 0.8849782 0.8761719 0.9098398 0.8645389 0.9053462 0.8573373 0.8619388 0.8884000 0.7773891 0.7420670 0.7870185 0.7920229 0.7756064 0.8784883 0.9232400 0.8484919 0.8454084 0.8505562 0.9360940 0.9546023 0.9481485 0.4248400 0.4192722 0.8953393 0.9316223 0.7988733 0.7714164 0.7896296 0.9387244 0.7596129 0.7625050 0.7680753 0.7551999 0.7521002 0.7616677 0.7547984 0.7652525 0.7461091 0.7580104 0.7790488 0.7759484 0.7772666 1.0251405 1.0194873 1.0504275 1.0266528 0.4924643 0.7774756 0.7792535 0.8739758 1.0649200 0.3820446 1.0491653 1.0503057 1.0053347 1.0521971 1.0099597 1.0105644 1.0407817 1.0434352 1.0229619 1.0278697 1.0473628 0.9246952 0.9390621 0.9320363 0.9404542 0.9215011 0.7389540 0.7513383 0.7764645 0.7688536 0.7935975 0.7379949 0.7666845 0.7807476 0.7713051 0.5621877 0.9495720 0.9599696 3.3547820 0.8808399 0.8676867 0.8921451 0.8589442 0.8618657 0.8857684 0.8531357 0.8704174 0.8876690 1.0595065 1.0658490 0.9266604 0.9505137 0.8008034 0.7804398 0.7736011 0.7535696 0.7740262 1.0535292 0.7942408 0.7814778 0.7801607 0.7719798 0.7834155 1.0351841 1.0637165 1.0771534 1.0608119 1.0800332 1.0357024 0.4413922 0.4434570 0.4599205 0.4566692 0.4492728 0.4174745 0.4237942 0.9056003 0.8618376 1.0389575 1.0140175 0.4149223 0.4174789 0.3822712 0.3679542 0.3799623 0.4539047 0.3777413 0.3748954 0.3134356 0.3866963 0.3806133 0.3863977 0.9460852 0.9149747 0.9047726 0.9047802 0.8865127 0.8908267 0.9379046 0.8811442 0.8714204 0.9025868 0.8549194 0.8581130 0.8538852 0.8771750 0.4413718 0.3660917 0.3770374 0.3674830 0.9371271 0.8477107 0.8931664 0.8999733 1.0609579 0.9485850 0.9217977 
ref_AY587845  0.8472561 0.5811285 0.7970156 0.1991909 0.8856104 0.9363654 0.1850629 0.1924210 0.9138105 0.4609540 0.6643448 0.5593586 0.5846437 0.0000000 0.5823952 0.9365203 0.7762194 0.8494754 0.5709874 1.0242114 1.0702915 0.7773972 1.0350044 0.9382014 0.9317668 0.9197937 0.9489810 0.2496966 0.6577289 0.7553891 0.9404856 0.9506158 0.9365885 0.9527644 0.9447762 0.9367415 0.2000496 0.8570685 0.8449724 0.9276093 0.9422431 0.9708956 0.9583694 0.9360280 0.9526217 0.9212643 0.9472858 0.8444763 0.5558938 0.9627534 0.9412161 0.9383900 0.9257068 0.9439837 0.8246195 0.9619357 0.9853572 0.9318579 0.9584316 0.9621896 0.9201060 0.9255551 0.9593484 0.9707668 0.9439039 0.8316053 0.8454134 0.8405037 0.8451522 0.8282736 0.9549685 0.9730417 0.8890286 0.8876854 0.8861266 0.9803091 0.7502944 0.9845972 0.2315701 0.2422626 0.9721942 0.9936315 0.8675495 0.8460157 0.8523436 1.0033061 0.8584762 0.8446922 0.8682477 0.8437738 0.8652837 0.8699366 0.8654889 0.8314812 0.8347219 0.8529987 0.8787220 0.8897674 0.8502880 0.6941728 0.6879134 0.7422179 0.7351720 0.6212745 0.8759634 0.8877135 0.9306799 0.8036741 0.5692500 0.7771629 0.7541192 0.7471427 0.7515803 0.7570399 0.7560987 0.7485147 0.7552251 0.7112986 0.7555515 0.7757228 1.0043020 0.9971209 1.0307319 0.9954296 0.9952416 0.8165196 0.8455171 0.8778614 0.8815472 0.8721356 0.8101318 0.8492286 0.8657233 0.8480634 0.4565330 1.0137383 1.0389372 3.2758941 0.9604029 0.9197894 0.9400357 0.9253739 0.9067899 0.9210951 0.9189142 0.9370842 0.9369830 0.7787440 0.5878222 1.0320134 1.0073229 0.8791014 0.8948088 0.8863244 0.8307253 0.8460345 0.7601437 0.8897303 0.8609499 0.8569000 0.8351170 0.8588171 0.9056493 0.8326360 0.8199682 0.8389285 0.7920602 0.9201011 0.5761070 0.5736553 0.6067508 0.5776321 0.5634759 0.5005915 0.4940576 0.9502364 0.8926696 0.7554521 0.7456388 0.3789232 0.3767633 0.5421313 0.5425704 0.5546659 0.5938151 0.5425571 0.5399032 0.5423826 0.5591880 0.5628283 0.5610703 1.0357941 1.0379906 0.9402750 0.9450768 0.9301802 0.9460344 0.9656701 0.9697984 0.9440129 0.9718483 0.9318695 0.9319263 0.9393574 0.9290586 0.2514500 0.5389329 0.5589991 0.5477241 1.0156323 0.9134972 0.9651130 0.9826314 1.0856958 1.0238801 0.9591880 
ref_AY651061  1.0376617 1.0380008 1.0706827 0.5865606 1.1188017 1.1507395 0.5955382 0.6044213 0.8737082 0.4255597 0.9120660 0.4635564 0.1004532 0.5823952 0.0000000 0.9029315 1.0624030 1.0553925 0.1153617 1.0077626 1.0070093 1.0239163 0.9660813 0.8956856 0.9273452 0.8981430 0.9165717 0.4597960 0.9358004 1.0263136 0.8745473 0.8961442 0.8859024 0.8893011 0.9230767 0.8819935 0.6062380 0.7537533 0.7782584 0.9112928 0.9255866 0.9180306 0.8991344 0.8881904 0.8917928 0.9375234 0.8902017 0.7689720 0.2961332 0.8860015 0.8778012 0.8641275 0.8709165 0.9036120 0.7962225 0.8779187 0.9542790 0.9181918 0.9044859 0.9123238 0.8770642 0.9037911 0.8964030 0.8942688 0.8850639 0.7839178 0.7478949 0.7880832 0.8046248 0.7892647 0.9003033 0.9159115 0.8610797 0.8599287 0.8605967 0.9393964 0.9621925 0.9485735 0.4444858 0.4321529 0.9341717 0.9630405 0.8035920 0.7798602 0.7925936 0.9583737 0.7832298 0.7692465 0.7724099 0.7604085 0.7635367 0.7704083 0.7509322 0.7701594 0.7474721 0.7608701 0.7973295 0.7975165 0.7710588 1.0443833 1.0366240 1.0597935 1.0356388 0.5196148 0.7888008 0.7921683 0.8963576 1.0753115 0.3115671 1.0420666 1.0795795 1.0331003 1.0567714 1.0320657 1.0231136 1.0420880 1.0396630 1.0293785 1.0275078 1.0573059 0.9341078 0.9470864 0.9863680 0.9451414 0.9397076 0.7655633 0.7520984 0.7909070 0.7771160 0.8021083 0.7638239 0.7691921 0.7928513 0.7660470 0.5531652 0.9925428 1.0008304 3.3911411 0.8928351 0.8886412 0.8891837 0.8728123 0.8667341 0.8972440 0.8679593 0.8959477 0.9043708 1.0527613 1.0522161 0.9766671 0.9717771 0.8040558 0.7850124 0.7842999 0.7587585 0.7679736 1.0955794 0.8000181 0.7879744 0.8020906 0.7669811 0.7861438 1.0453978 1.0541139 1.0439841 1.0824006 1.0989213 1.0556250 0.4634155 0.4493389 0.4598189 0.4738972 0.4586458 0.4227956 0.4344104 0.9339499 0.8615000 1.0671950 1.0502793 0.4317484 0.4367623 0.3651410 0.3567486 0.3731910 0.4705631 0.3711839 0.3579006 0.3543086 0.3678325 0.3714209 0.3653663 0.9797974 0.9565330 0.9037810 0.9196552 0.9056030 0.9320707 0.9379249 0.9087806 0.8866588 0.9387562 0.8882874 0.8692088 0.8871254 0.8998628 0.4529529 0.2811590 0.2870953 0.2783915 0.9960546 0.8453290 0.9131593 0.9124647 1.0764049 1.0041836 0.9488691 
ref_AY859526  1.1309844 1.1402518 1.1659485 0.9298418 1.2426956 1.2480870 0.9488757 0.9502531 0.9090169 0.9263918 1.0177572 0.8929427 0.8765277 0.9365203 0.9029315 0.0000000 1.1437104 1.1297095 0.8804717 1.0087293 1.0328427 1.1481380 0.9988268 0.6809782 0.6856245 0.6350623 0.6592980 0.8903286 0.8057567 1.1440467 0.6514577 0.6937090 0.6599919 0.6547714 0.6779912 0.6728557 0.9656948 0.8626798 0.8833825 0.6887168 0.6907751 0.6758957 0.6647359 0.6416863 0.6468622 0.6787934 0.6562492 0.8647362 0.9148080 0.6389074 0.6487895 0.6295555 0.6264428 0.6558579 0.8843701 0.7016278 0.6743758 0.0865462 0.6680078 0.6770828 0.6266056 0.6866180 0.6507479 0.7076910 0.6935589 0.8518398 0.8649762 0.8486230 0.8903812 0.8787786 0.6773387 0.6839662 0.6400470 0.6409585 0.6373962 0.7458671 0.8734206 0.7580075 0.8883764 0.8670473 0.6655627 0.6749262 0.8890825 0.8535598 0.8789943 1.0045584 0.8593787 0.8107061 0.8662136 0.8334941 0.8478777 0.8461344 0.8741795 0.8283112 0.8024620 0.8781113 0.8530936 0.8582745 0.8811979 1.0974170 1.1301532 1.1546237 1.1037937 0.9439237 0.8828444 0.8826712 0.0508922 1.1863669 0.9034684 1.1398425 1.1415611 1.1090524 1.1187295 1.1118490 1.1179357 1.1372414 1.1261448 1.1102202 1.1250661 1.1587158 0.9499478 0.9780404 1.0169558 0.9837666 0.9648095 0.8691323 0.8294688 0.8893775 0.8482155 0.8804821 0.8658815 0.8512109 0.8671574 0.8623922 1.0268059 1.0149278 1.0222816 3.3563450 0.6517190 0.6254672 0.6286254 0.6472936 0.6276535 0.6664635 0.6303821 0.6674407 0.6807155 1.2181182 1.1179852 0.9933581 1.0124096 0.8847903 0.8745059 0.8898333 0.8472965 0.8148985 1.1470910 0.8670518 0.8629727 0.8885974 0.8363174 0.8866367 1.1225061 1.1312815 1.1538163 1.1375439 1.1417023 1.1082406 0.9174829 0.9169083 0.9174420 0.9148518 0.9155925 0.8618823 0.8793185 0.6559267 0.6008783 1.1578883 1.1176627 0.9124538 0.8800525 0.8869542 0.8593183 0.8777175 0.9349942 0.8854350 0.8939646 0.8815335 0.8798630 0.8901300 0.9081070 1.0096374 0.9903791 0.6968387 0.6538991 0.6606930 0.7067907 0.6579482 0.6845089 0.6458410 0.6739147 0.3064281 0.3132762 0.3085552 0.6713755 0.9051639 0.8928975 0.8913902 0.8744998 1.0117785 0.9399423 0.9533802 0.3267405 1.1172974 1.0156615 0.0536400 
ref_D00944    0.4567539 0.3431463 0.1259098 0.7919298 0.4839036 0.5037293 0.8144040 0.8267137 1.0988450 1.0117725 0.7627616 1.0419602 1.0543796 0.7762194 1.0624030 1.1437104 0.0000000 0.4522621 1.0283415 1.2085367 1.2188970 0.3330779 1.1384846 1.1029327 1.0424342 1.1019282 1.1178819 1.0169098 0.7785603 0.3277385 1.0785882 1.1147796 1.0819954 1.1103726 1.0932957 1.0969331 0.8246341 1.0341600 1.0134237 1.1308567 1.0950426 1.0936992 1.1051368 1.1031945 1.0982570 1.0624266 1.0723012 0.9955629 1.0642660 1.0545203 1.0934735 1.0527578 1.0882297 1.0176902 1.0018669 1.0827490 1.1420401 1.1080749 1.1182558 1.1137965 1.0603385 1.1390860 1.1083313 1.1069822 1.0960158 1.0326162 1.0443848 1.0466137 1.0175424 1.0075163 1.1355454 1.0657625 1.0562437 1.0560944 1.0542722 1.1544359 0.8730172 1.1635996 1.0206110 1.0255753 1.1150973 1.1494239 1.0778615 1.0671848 1.0726757 1.1368022 1.0352954 1.0438394 1.0648295 1.0236226 1.0346899 1.0252470 1.0318030 1.0312418 0.9993799 1.0325880 1.0358631 1.0494612 1.0452753 0.3355334 0.3384180 0.3488538 0.3369411 1.0570975 1.0528588 1.0693073 1.1390400 0.1241832 1.0804695 0.4065971 0.3177740 0.3236909 0.3417568 0.3163031 0.3293497 0.3092454 0.3154061 0.3339488 0.3444646 0.3509834 1.0882275 1.0997928 1.1536809 1.1633201 1.0869220 1.0417633 1.0512493 1.0471236 1.0370313 1.0452343 1.0387997 1.0573660 1.0523859 1.0350134 0.8798444 1.1592068 1.1867216 3.1876358 1.1187043 1.0633602 1.0978911 1.0514864 1.0985809 1.0845661 1.0934250 1.1102731 1.1160310 0.3423578 0.3461857 1.1883040 1.1552013 1.0820932 1.0518384 1.0733734 1.0377461 1.0559806 0.3295273 1.0517890 1.0877628 1.0677973 1.0443891 1.0568087 0.6109412 0.4237905 0.4340291 0.4536394 0.4238793 0.6002704 1.0571778 1.0253972 1.0858693 1.0705199 1.0519207 1.0303363 1.0298279 1.1455947 1.0935784 0.3360589 0.3312216 1.0068626 1.0169022 1.0433170 1.0346312 1.0714628 1.0600575 1.0567782 1.0246595 1.0145572 1.0199690 1.0374156 1.0648908 1.1599699 1.1472371 1.1015525 1.0751554 1.0701886 1.0914408 1.1122596 1.1577811 1.0882029 1.0853757 1.1366191 1.1255465 1.1096448 1.1343637 1.0248086 1.0561409 1.0690666 1.0330267 1.1656565 1.0703022 1.1375240 1.1122891 1.1568882 1.1788460 1.1855098 
ref_D10988    0.0803975 0.4598803 0.4664167 0.5144034 0.0990494 0.0925922 0.5643427 0.5378022 1.0867897 1.0582796 0.8215261 1.0474777 1.0492636 0.8494754 1.0553925 1.1297095 0.4522621 0.0000000 1.0378598 1.2316296 1.2207173 0.4340806 1.1327536 1.1111244 1.0624204 1.0601677 1.1611035 1.0852397 0.8456967 0.4533260 1.0780131 1.0986682 1.0846675 1.0944095 1.0647490 1.0973924 0.5478600 1.0836215 1.0696069 1.1405081 1.1107951 1.0909944 1.0526879 1.0600774 1.0995710 1.0975953 1.0704291 1.0513693 1.0965504 1.0468619 1.0754456 1.0956476 1.0532324 1.0799508 1.0863179 1.0971372 1.1054870 1.1052686 1.0997137 1.0832963 1.0896872 1.1603871 1.0889810 1.1329903 1.0900918 1.0690501 1.0778859 1.0862280 1.0832430 1.0646501 1.1503116 1.0889888 1.0572277 1.0625694 1.0599268 1.1635374 0.5959536 1.1730437 1.0976769 1.0757955 1.0870019 1.1117987 1.1076752 1.0627404 1.0881177 1.1556368 1.0770023 1.0431366 1.1047072 1.0567004 1.0566822 1.0669042 1.0697414 1.0772680 1.0331598 1.0602817 1.0507552 1.0917287 1.0276670 0.4205827 0.4272650 0.4593990 0.4221276 1.0805094 1.0738738 1.0692566 1.1313177 0.4755206 1.0935615 0.4313207 0.4193674 0.4269831 0.4419470 0.4256202 0.4381689 0.4285649 0.4286763 0.4326731 0.4316108 0.4555057 1.1183204 1.1230005 1.1956410 1.1249508 1.1143164 1.0695648 1.0367273 1.0778934 1.0612412 1.0638097 1.0546660 1.0592780 1.1157910 1.0670794 0.5679613 1.1993161 1.1878422 3.3519022 1.0995329 1.0640504 1.0913641 1.0433239 1.0728194 1.0871889 1.0472239 1.1295693 1.1232702 0.4587831 0.4639299 1.2125965 1.1683765 1.0955749 1.0749058 1.0722437 1.0372078 1.0901286 0.4332254 1.0804969 1.0989841 1.1115389 1.0683184 1.0881020 0.6254422 0.4370599 0.4283456 0.3651210 0.4377892 0.6164021 1.0517932 1.0477268 1.0875145 1.0624217 1.0410693 1.0553731 1.0571579 1.1460795 1.0848647 0.4409761 0.4434129 1.0599192 1.0623289 1.0703401 1.0650514 1.0764076 1.0564744 1.0721897 1.0515591 1.0309998 1.0555243 1.0510259 1.0610923 1.1690853 1.1943501 1.1039230 1.0793923 1.0882574 1.0825017 1.1078007 1.1442063 1.0648553 1.0910378 1.1043825 1.0925125 1.0945146 1.1389882 1.0959281 1.0678942 1.0845851 1.0590828 1.1838174 1.0936580 1.1455155 1.1208142 1.1324540 1.2097570 1.1730309 
